10 22
0000000000000000000000
0  1        4    11110
0 111      0      1  0
0  1     2002    11110
01111   0    0    1  0
0  1   3      3  11110
01111   0    0    1  0
0  1     0110    111 0
01111    2222     1  0
0000000000000000000000
                      
                      
   +                  
         *  *     +   
   +                  
         #  #     +   
                      
                      
                      
                      
                      