10 44
00000000000000000000000000000000000000000000
0  00      00      00      00      00  22  0
0  22  0011111100  44  0011111100      00  0
0  00      00      00      00      00  22  0
0  22  0011111100  44  0011111100      00  0
0  00      00      00      00      00  22  0
0  22  0011111100  44  0011111100      00  0
0  00      00      00      00      00  22  0
0  22  00  55  00  44  00  55  00      00  0
00000000000000000000000000000000000000000000
                                            
                   ++                       
                                            
                   ##                       
                                            
                   ++                       
                                            
           #*                  *#           
                                            
