10 44
00000000000000000000000000000000000000000000
0  11        000000000000    000       11  0
0    11      000        0   0 R 0    11    0
0      11    000        0    000   11      0
000000  11   22222222222         11   000000
000000  11   000        00000    11   000000
0      11    000            00     11      0
0    11      000              0      11    0
0  11        000000000000000000        11  0
00000000000000000000000000000000000000000000
                                          # 
                    *+*                     
                                            
                                            
                                            
                    *+*                     
                                            
 #                                          
                                            
                                            