10 44
00000000000000000000000000000000000000000000
0   00   111   0  111161111      001121    0
0 1100111151   5  00000000011111100    12110
0   00   111   0000       1      00111111110
011100    001113     00000000111000   00   0
0   00    00   1     111550      00   001110
0    3    0011100000000000011111111   00   0
011111111100     0  1  0       11411  0011 0
02 2 1 2 200     1  0  1      1111111 00   0
00000000000000000000000000000000000000000000
                                            
                      *              +      
          #                             +   
                                            
                                            
                         *                  
                                            
                                 #          
 +       +                                  
                                            