10 44
00000000000000000000000000000000000000000000
0  000   2222         11711     000000011110
0  000   1111      0000000000   1111  00   0
0  000   0000000   333    333   0000  00   0
022OOO   0000000   1122223333   1441  00   0
011      2222  0000015     111  1441  00   0
03300000000  11    110     000  00001111   0
0  11    11  00 11111000   000  222211   000
0  00000000  00 22 600000  111  2222       0
00000000000000000000000000000000000000000000
         *  +           #                   
                                            
                                            
                        *+                  
                                            
                                            
                                            
                   #            +  *        
                                            
                                            