20 60
000000000000000000000000000000000000000000000000000000000000
0                                                          0
0 11111111111111111111111111111111111111111111111111111111 0
0 1                                                      1 0
0 1 2222222222222222222222222222222222222222222222222222 1 0
0 1 2                                                  2 1 0
0 1 2 111111111111111111111111111111111111111111111111 2 1 0
0 1 2 1                                              1 2 1 0
0 1 2 1                                              1 2 1 0
0 1 2 1                                              1 2 1 0
0 1 2 1                                              1 2 1 0
0 1 2 1                                              1 2 1 0
0 1 2 1                                              1 2 1 0
0 1 2 111111111111111111111111111111111111111111111111 2 1 0
0 1 2                                                  2 1 0
0 1 2222222222222222222222222222222222222222222222222222 1 0
0 1                                                      1 0
0 11111111111111111111111111111111111111111111111111111111 0
0                                                          0
000000000000000000000000000000000000000000000000000000000000
                                                            
                                                            
                                                            
                                                            
                                                            
                                                            
                                                            
                                                            
                                                            
                     # + # *  * # + #                       
                                                            
                                                            
                                                            
                                                            
                                                            
                                                            
                                                            
                                                            
                                                            
                                                            

