10 22
0000000000000000000000
0  0111110  3  0111110
0  0111110  3  0111110
0  0330  0  0  0  0  0
0011110111110111110110
0011110111110111110110
0  0330  0  0  0  0  0
0  0111110  3  0111  0
0  0111110  3  011   0
0000000000000000000000
            #         
                      
    *                 
                      
                      
    *                 
                      
            #         
                      
                      
                      