10 22
0000000000000000000000
0       00   0       0
0  00   11  0022200  0
0   0   00       0   0
0100110001111000110010
0100110001111000110010
0   0       00   0   0
0  0022200  11   00  0
0       0   00       0
0000000000000000000000
                      
        +     #       
                      
                      
                      
     #                
              +       
                      
                      
                      
                      
